255 255 255 255 255 255 255 255 255 255 255 255 255 255 255 255
255 219 159 159 159 159 159 159 159 159 159 159 159 159 219 255
255 159 100 159 159 159 159 159 159 159 159 159 159 100 159 255
255 159 159 255 255 255 255 255 255 255 255 255 255 159 159 255
255 159 159 255 255 255 255 255 255 255 255 255 255 159 159 255
255 159 159 255 243 159 159 159 243 159 159 243 255 159 159 255
255 159 159 255 159  60  60   0 223  60  60  84 255 159 159 255
255 159 159 255  93  96  96   0 223  96  96   0 255 159 159 255
255 159 159 255 223  12  12   0 223  12  32 227 255 159 159 255
255 159 159 255 235 155 155  96 235 155 255 255 255 159 159 255
255 159 159 255 255 255 255 255 255 255 255 255 255 159 159 255
255 159 159 255 255 255 255 255 255 255 255 255 255 159 159 255
255 159 159 255 255 255 255 255 255 255 255 255 255 159 159 255
255 159 100 159 159 159 159 159 159 159 159 159 159 100 159 255
255 219 159 159 159 159 159 159 159 159 159 159 159 159 219 255
255 255 255 255 255 255 255 255 255 255 255 255 255 255 255 255
255 255 255 255 255 255 255 255 255 255 255 255 255 255 255 255
255 219 159 159 159 159 159 159 159 159 159 159 159 159 219 255
255 159 100 159 159 159 159 159 159 159 159 159 159 100 159 255
255 159 159 255 255 255 255 255 255 255 255 255 255 159 159 255
255 159 159 255 255 255 255 255 255 255 255 255 255 159 159 255
255 159 159 255 243 159 159 159 243 159 159 243 255 159 159 255
255 159 159 255 159  60  60   0 223  60  60  84 255 159 159 255
255 159 159 255  93  96  96   0 223  96  96   0 255 159 159 255
255 159 159 255 223  12  12   0 223  12  32 227 255 159 159 255
255 159 159 255 235 155 155  96 235 155 255 255 255 159 159 255
255 159 159 255 255 255 255 255 255 255 255 255 255 159 159 255
255 159 159 255 255 255 255 255 255 255 255 255 255 159 159 255
255 159 159 255 255 255 255 255 255 255 255 255 255 159 159 255
255 159 100 159 159 159 159 159 159 159 159 159 159 100 159 255
255 219 159 159 159 159 159 159 159 159 159 159 159 159 219 255
255 255 255 255 255 255 255 255 255 255 255 255 255 255 255 255
255 255 255 255 255 255 255 255 255 255 255 255 255 255 255 255
255 219 159 159 159 159 159 159 159 159 159 159 159 159 219 255
255 159 100 159 159 159 159 159 159 159 159 159 159 100 159 255
255 159 159 255 255 255 255 255 255 255 255 255 255 159 159 255
255 159 159 255 255 255 255 255 255 255 255 255 255 159 159 255
255 159 159 255 243 159 159 159 243 159 159 243 255 159 159 255
255 159 159 255 159  60  60   0 223  60  60  84 255 159 159 255
255 159 159 255  93  96  96   0 223  96  96   0 255 159 159 255
255 159 159 255 223  12  12   0 223  12  32 227 255 159 159 255
255 159 159 255 235 155 155  96 235 155 255 255 255 159 159 255
255 159 159 255 255 255 255 255 255 255 255 255 255 159 159 255
255 159 159 255 255 255 255 255 255 255 255 255 255 159 159 255
255 159 159 255 255 255 255 255 255 255 255 255 255 159 159 255
255 159 100 159 159 159 159 159 159 159 159 159 159 100 159 255
255 219 159 159 159 159 159 159 159 159 159 159 159 159 219 255
255 255 255 255 255 255 255 255 255 255 255 255 255 255 255 255

255 255 255 255 255 255 255 255 255 255 255 255 255 255 255 255
255 219 159 159 159 159 159 159 159 159 159 159 159 159 219 255
255 159 100 159 159 159 159 159 159 159 159 159 159 100 159 255
255 159 159 255 255 255 255 255 255 255 255 255 255 159 159 255
255 159 159 255 255 243  84   0 227 255 255 255 255 159 159 255
255 159 159 255 255 159  60  96  32 255 255 255 255 159 159 255
255 159 159 255 255 159  60  96  12 155 255 255 255 159 159 255
255 159 159 255 255 243 223 223 223 235 255 255 255 159 159 255
255 159 159 255 255 159   0   0   0  96 255 255 255 159 159 255
255 159 159 255 255 159  60  96  12 155 255 255 255 159 159 255
255 159 159 255 255 159  60  96  12 155 255 255 255 159 159 255
255 159 159 255 255 243 159  93 223 235 255 255 255 159 159 255
255 159 159 255 255 255 255 255 255 255 255 255 255 159 159 255
255 159 100 159 159 159 159 159 159 159 159 159 159 100 159 255
255 219 159 159 159 159 159 159 159 159 159 159 159 159 219 255
255 255 255 255 255 255 255 255 255 255 255 255 255 255 255 255
255 255 255 255 255 255 255 255 255 255 255 255 255 255 255 255
255 219 159 159 159 159 159 159 159 159 159 159 159 159 219 255
255 159 100 159 159 159 159 159 159 159 159 159 159 100 159 255
255 159 159 255 255 255 255 255 255 255 255 255 255 159 159 255
255 159 159 255 255 243  84   0 227 255 255 255 255 159 159 255
255 159 159 255 255 159  60  96  32 255 255 255 255 159 159 255
255 159 159 255 255 159  60  96  12 155 255 255 255 159 159 255
255 159 159 255 255 243 223 223 223 235 255 255 255 159 159 255
255 159 159 255 255 159   0   0   0  96 255 255 255 159 159 255
255 159 159 255 255 159  60  96  12 155 255 255 255 159 159 255
255 159 159 255 255 159  60  96  12 155 255 255 255 159 159 255
255 159 159 255 255 243 159  93 223 235 255 255 255 159 159 255
255 159 159 255 255 255 255 255 255 255 255 255 255 159 159 255
255 159 100 159 159 159 159 159 159 159 159 159 159 100 159 255
255 219 159 159 159 159 159 159 159 159 159 159 159 159 219 255
255 255 255 255 255 255 255 255 255 255 255 255 255 255 255 255
255 255 255 255 255 255 255 255 255 255 255 255 255 255 255 255
255 219 159 159 159 159 159 159 159 159 159 159 159 159 219 255
255 159 100 159 159 159 159 159 159 159 159 159 159 100 159 255
255 159 159 255 255 255 255 255 255 255 255 255 255 159 159 255
255 159 159 255 255 243  84   0 227 255 255 255 255 159 159 255
255 159 159 255 255 159  60  96  32 255 255 255 255 159 159 255
255 159 159 255 255 159  60  96  12 155 255 255 255 159 159 255
255 159 159 255 255 243 223 223 223 235 255 255 255 159 159 255
255 159 159 255 255 159   0   0   0  96 255 255 255 159 159 255
255 159 159 255 255 159  60  96  12 155 255 255 255 159 159 255
255 159 159 255 255 159  60  96  12 155 255 255 255 159 159 255
255 159 159 255 255 243 159  93 223 235 255 255 255 159 159 255
255 159 159 255 255 255 255 255 255 255 255 255 255 159 159 255
255 159 100 159 159 159 159 159 159 159 159 159 159 100 159 255
255 219 159 159 159 159 159 159 159 159 159 159 159 159 219 255
255 255 255 255 255 255 255 255 255 255 255 255 255 255 255 255

254 254 253 253 253 253 253 253 253 253 253 253 253 253 254 254
254 213 164 170 170 170 170 170 170 170 170 170 170 164 213 254
253 164 126 179 179 179 179 179 179 179 179 179 179 126 164 253
253 170 179 255 255 255 255 255 255 255 255 255 255 179 170 253
253 170 179 255 255 255 255 255 255 255 255 255 255 179 170 253
253 170 179 255 255 254 247 250 247 247 248 247 255 179 170 253
253 170 179 255 254 251 144 187 149 147 149 199 255 179 170 253
253 170 179 255 209  38  11 154  97  16  24 214 255 179 170 253
253 170 179 255  76 105  85 154  98  74  77 124 255 179 170 253
253 170 179 255 134  67  48 158 103  52  69 165 255 179 170 253
253 170 179 255 241 179 168 220 201 168 183 244 255 179 170 253
253 170 179 255 255 255 255 255 255 255 255 255 255 179 170 253
253 170 179 255 255 255 255 255 255 255 255 255 255 179 170 253
253 164 126 179 179 179 179 179 179 179 179 179 179 126 164 253
254 213 164 170 170 170 170 170 170 170 170 170 170 164 213 254
254 254 253 253 253 253 253 253 253 253 253 253 253 253 254 254
254 254 253 253 253 253 253 253 253 253 253 253 253 253 254 254
254 213 164 170 170 170 170 170 170 170 170 170 170 164 213 254
253 164 126 179 179 179 179 179 179 179 179 179 179 126 164 253
253 170 179 255 255 255 255 255 255 255 255 255 255 179 170 253
253 170 179 255 255 255 255 255 255 255 255 255 255 179 170 253
253 170 179 255 255 254 247 250 247 247 248 247 255 179 170 253
253 170 179 255 254 251 144 187 149 147 149 199 255 179 170 253
253 170 179 255 209  38  11 154  97  16  24 214 255 179 170 253
253 170 179 255  76 105  85 154  98  74  77 124 255 179 170 253
253 170 179 255 134  67  48 158 103  52  69 165 255 179 170 253
253 170 179 255 241 179 168 220 201 168 183 244 255 179 170 253
253 170 179 255 255 255 255 255 255 255 255 255 255 179 170 253
253 170 179 255 255 255 255 255 255 255 255 255 255 179 170 253
253 164 126 179 179 179 179 179 179 179 179 179 179 126 164 253
254 213 164 170 170 170 170 170 170 170 170 170 170 164 213 254
254 254 253 253 253 253 253 253 253 253 253 253 253 253 254 254
254 254 253 253 253 253 253 253 253 253 253 253 253 253 254 254
254 213 164 170 170 170 170 170 170 170 170 170 170 164 213 254
253 164 126 179 179 179 179 179 179 179 179 179 179 126 164 253
253 170 179 255 255 255 255 255 255 255 255 255 255 179 170 253
253 170 179 255 255 255 255 255 255 255 255 255 255 179 170 253
253 170 179 255 255 254 247 250 247 247 248 247 255 179 170 253
253 170 179 255 254 251 144 187 149 147 149 199 255 179 170 253
253 170 179 255 209  38  11 154  97  16  24 214 255 179 170 253
253 170 179 255  76 105  85 154  98  74  77 124 255 179 170 253
253 170 179 255 134  67  48 158 103  52  69 165 255 179 170 253
253 170 179 255 241 179 168 220 201 168 183 244 255 179 170 253
253 170 179 255 255 255 255 255 255 255 255 255 255 179 170 253
253 170 179 255 255 255 255 255 255 255 255 255 255 179 170 253
253 164 126 179 179 179 179 179 179 179 179 179 179 126 164 253
254 213 164 170 170 170 170 170 170 170 170 170 170 164 213 254
254 254 253 253 253 253 253 253 253 253 253 253 253 253 254 254

255 254 253 253 253 253 253 253 253 253 253 253 253 253 254 255
254 214 165 171 171 171 171 171 171 171 171 171 171 165 214 254
253 165 126 180 180 180 180 180 180 180 180 180 180 126 165 253
253 171 180 255 255 255 255 255 255 255 255 255 255 180 171 253
253 171 180 255 255 248 199 214 125 166 245 255 255 180 171 253
253 171 180 255 255 248 149  25  78  70 183 255 255 180 171 253
253 171 180 255 255 248 148  17  74  52 168 255 255 180 171 253
253 171 180 255 255 248 149  97  98 103 201 255 255 180 171 253
253 171 180 255 255 250 188 155 155 158 221 255 255 180 171 253
253 171 180 255 255 248 145  11  86  48 168 255 255 180 171 253
253 171 180 255 255 255 251  38 105  68 179 255 255 180 171 253
253 171 180 255 255 255 255 209  76 134 241 255 255 180 171 253
253 171 180 255 255 255 255 255 255 255 255 255 255 180 171 253
253 165 126 180 180 180 180 180 180 180 180 180 180 126 165 253
254 214 165 171 171 171 171 171 171 171 171 171 171 165 214 254
255 254 253 253 253 253 253 253 253 253 253 253 253 253 254 255
255 254 253 253 253 253 253 253 253 253 253 253 253 253 254 255
254 214 165 171 171 171 171 171 171 171 171 171 171 165 214 254
253 165 126 180 180 180 180 180 180 180 180 180 180 126 165 253
253 171 180 255 255 255 255 255 255 255 255 255 255 180 171 253
253 171 180 255 255 248 199 214 125 166 245 255 255 180 171 253
253 171 180 255 255 248 149  25  78  70 183 255 255 180 171 253
253 171 180 255 255 248 148  17  74  52 168 255 255 180 171 253
253 171 180 255 255 248 149  97  98 103 201 255 255 180 171 253
253 171 180 255 255 250 188 155 155 158 221 255 255 180 171 253
253 171 180 255 255 248 145  11  86  48 168 255 255 180 171 253
253 171 180 255 255 255 251  38 105  68 179 255 255 180 171 253
253 171 180 255 255 255 255 209  76 134 241 255 255 180 171 253
253 171 180 255 255 255 255 255 255 255 255 255 255 180 171 253
253 165 126 180 180 180 180 180 180 180 180 180 180 126 165 253
254 214 165 171 171 171 171 171 171 171 171 171 171 165 214 254
255 254 253 253 253 253 253 253 253 253 253 253 253 253 254 255
255 254 253 253 253 253 253 253 253 253 253 253 253 253 254 255
254 214 165 171 171 171 171 171 171 171 171 171 171 165 214 254
253 165 126 180 180 180 180 180 180 180 180 180 180 126 165 253
253 171 180 255 255 255 255 255 255 255 255 255 255 180 171 253
253 171 180 255 255 248 199 214 125 166 245 255 255 180 171 253
253 171 180 255 255 248 149  25  78  70 183 255 255 180 171 253
253 171 180 255 255 248 148  17  74  52 168 255 255 180 171 253
253 171 180 255 255 248 149  97  98 103 201 255 255 180 171 253
253 171 180 255 255 250 188 155 155 158 221 255 255 180 171 253
253 171 180 255 255 248 145  11  86  48 168 255 255 180 171 253
253 171 180 255 255 255 251  38 105  68 179 255 255 180 171 253
253 171 180 255 255 255 255 209  76 134 241 255 255 180 171 253
253 171 180 255 255 255 255 255 255 255 255 255 255 180 171 253
253 165 126 180 180 180 180 180 180 180 180 180 180 126 165 253
254 214 165 171 171 171 171 171 171 171 171 171 171 165 214 254
255 254 253 253 253 253 253 253 253 253 253 253 253 253 254 255
